7491718
3164618
6725846
4036641
4403577
4258292
4721361
3221709
7672112
6916929
6671318
6656110
8279891
3644137
5078461
6658362
3236502
4951225
1496517
8361538
1895622
4118607
7087212
5633419
3085199
9861492
3108543
2343915
6535143
4573606
5919689
3411158
6975337
1624607
9119600
2590104
5631294
4873820
8469517
5269952
4160582
7044045
7429147
6289710
4481450
5800603
4386152
6540506
3855606
6141979
4893247
6162289
4364242
3662925
6961337
3971039
5796305
1629729
2797439
9302112
7318721
1377082
7941423
3924996
1865198
4450774
5531611
9267500
3395501
8759374
4614609
8665585
9474379
3763570
8129970
2062890
7850759
9918457
3793888
9444233
3360495
5730693
8680862
2472439
2605365
6264762
9361970
5959264
6315014
9422646
6702082
5950968
5297829
7080033
7961300
6516773
5068260
3605785
8532100
8047719
7417199
9760860
4093161
7283365
1347716
9848157
7488421
7858125
7694877
2964355
1581893
3054916
6511676
2894061
3895085
2283740
3874227
5831044
4810219
3085415
4920683
1793125
4592136
7446811
5314215
3832694
5084944
3610574
8706951
3342024
4046015
5643545
8271057
7993525
4093729
3649692
7928062
9302464
1910252
9800875
5399080
9706058
7337140
3643214
2216587
6087661
6875988
2229306
9106512
6379944
1248496
9201845
8691405
4934310
4171782
7932429
2224596
2716814
5749433
2213202
3132152
6152253
1663836
9609948
8404789
1719505
3275722
2102599
1941345
8200597
6269232
4068892
3293019
1209027
7230532
2975232
8012331
8556152
6621930
7264929
2410848
7314905
4853300
9509171
4518226
6800973
1510566
8997665
4559404
4058893
9680650
8858062
1412512
1269344
1304520
5172966
6470159
3272761
2325286
2338838
4612439
5322176
3503540
2526791
8165873
2180833
1164069
5144003
6458061
1493473
4596383
6706299
4676304
6463856
3120092
8624882
6306954
7375274
6093450
4122992
3350070
4514347
1145920
6494238
9055799
5415562
8071164
9893024
5811982
3201716
9828278
9963216
4115267
8771654
8767861
4367282
8016056
8529813
4736132
5257439
4617859
9161437
7218318
8127220
4001469
6484463
7057523
4654321
7584351
4560458
2337588
7218921
8044864
7939571
9510284
1189510
3508650
1124036
2078835
7122875
7932876
1617873
8187595
5211891
8449059
2657744
9235781
8819856
8967492
8027427
5738146
3595718
1575550
4758858
5674041
8228329
6409206
6675056
5267702
8807215
7565570
3704308
8424123
7461283
7654673
2017424
1523991
1597749
2646307
4355060
8748527
8542669
8725190
5258624
5589106
8565548
5469063
8731873
7102236
7542580
6229643
7769941
3199433
5713279
6185282
7944350
1828942
8220321
5625052
7769096
2313216
3596449
9711154
8896072
9757491
7781940
4158286
2975579
7124024
2947234
7923676
5330104
4354890
8429473
3547348
3184792
8027572
5235191
6655498
9468838
7168825
6892794
5217642
2014703
3355827
9742001
3110052
4149513
6680308
1368979
5591046
3289778
1526957
1450644
5715678
5876076
8319071
5793546
6773833
4648932
1229171
6742683
8555089
6923064
2581069
6175072
6875482
5893357
7024089
4655538
5157146
2112915
8023840
4785425
9878689
1639502
2063174
9284715
1398719
2395548
8248847
7003286
7273272
9281509
4314010
9885279
4656624
2880293
1252467
7100772
7761326
4879010
3725196
7426926
5926691
2959770
8033608
7722864
1753866
8226872
9049190
6920319
6742835
4852971
6227908
7576548
8494242
7270276
7550335
6404996
3296427
2170547
2589952
8830476
1374781
6868294
5720706
1589344
8190150
7394753
8224562
1563725
8102631
6735447
7693016
7732996
8255270
6398368
6563572
6583334
7900157
6053220
8876696
6466832
2916496
6549864
7259517
3142976
3260209
1453452
2115747
8908081
4138174
2517869
5019893
4599230
9239841
2380212
1304594
1592148
3967259
7252585
4462930
8150617
6891746
8368365
9925288
1478829
2316642
4522938
3835219
2557170
1282963
3824133
4963145
5292712
5558960
3776689
1340438
1907149
4373043
5013618
9331372
2370306
1280070
5251879
1647310
2642614
4527200
6314930
6582971
7776522
1573825
7769117
5453551
2849097
2660349
9808189
4255398
1491968
4735124
4526156
3852519
2097002
2984651
6406289
5850725
9216137
1696435
9622491
6339260
1584917
6494655
1808137
1447289
8283051
7160682
8074567
3975947
2022245
1509939
9502254
5789965
6566522
4405069
5566410
6910522
4195646
7781836
2258693
8645962
8910137
9519749
8894348
6255793
4076707
5869837
1708020
7368722
4627755
3518311
6765146
6937283
6832086
8323208
7292826
3968510
8907478
5103744
4641669
5919945
1181542
2929921
7196078
1204310
4746530
1209486
9801026
9938714
9171383
9503507
9369911
4113289
1834238
5031602
2037412
9922281
8088732
4399344
2552225
8662706
6885511
3365293
7009168
6383547
1437439
9869671
5322157
8353731
5921192
8334377
1862019
5652811
3424347
6155716
8762317
2825947
8104085
5215664
3053042
6709008
1512670
8346808
3134934
5946402
2282323
9181439
6669035
8833638
4758284
5528842
3272867
8787883
3813113
9617843
4856971
7403114
7985616
2758773
7164845
4394713
5627320
2637163
2716003
9774196
1539442
1890321
6805591
1968184
8565883
8611796
1918633
6994402
8248300
5644210
9038951
3466060
5234969
3981569
6425742
1423409
2915006
7490147
1230693
9262926
8158405
9610537
4409277
5823049
2352463
1947099
2823036
2543429
1835681
2975482
3409443
5808798
1187521
6132185
5138057
3401035
6002568
3777938
9012848
4305948
3837048
3984022
5637588
3177320
3129833
5473077
8285608
2309110
6170814
3944488
5555896
1885063
8565602
7350540
9422324
7333199
6175687
1539469
8299870
9931925
1452792
6573968
1263233
4874969
6132949
4719752
5869156
8719564
7258845
2775281
4880909
9747927
7137556
3160133
1156617
8063074
4681836
9481089
3526937
5867157
8651991
9830403
5491525
7428489
6598875
8910425
5482787
8822193
7287951
7544491
7623578
5949259
9365101
6699511
1274309
4732666
8458945
2913243
5046756
5817922
2744142
6997443
5863558
6001447
8943128
5497829
8457862
8203727
8666222
5541845
4168590
1510860
5733504
9297311
9117771
5386526
6716721
2520972
9476344
5834207
2052593
5460122
9843823
4836035
3951404
9997593
7556793
3610048
7556694
4279404
5570098
2399358
4750759
7255578
7575034
2288653
2495162
7900722
5569365
6459359
1577289
1891939
8255899
4103418
1470055
5427984
9190000
7693061
1814518
2019584
6035790
5657636
4003531
5103875
9337456
4188154
9476168
8377348
2257487
5334106
6450631
2651397
3209769
9301113
2916800
8024536
5148729
1840151
1894001
1911757
5447425
5834877
7973041
9273802
4028371
5603517
3825132
8615667
1770763
4919452
7778786
7783353
4588239
6237575
2539819
8308053
3174052
3462494
8350645
6380153
2158829
5781333
5569540
5386030
4573838
3161730
7577491
4281774
9191479
1812972
7996118
3619082
3429029
8087197
3386995
9682948
4804756
7232913
2055151
3951394
9514735
9421727
2566817
7658703
6863065
3273307
3878299
1739769
2629435
4940867
4093246
2493169
2371878
8043971
9967811
9974223
6193073
5847069
4739388
7206429
8897212
3433274
6865136
9572441
1622542
2848143
1575313
8466921
2436422
3514254
7200750
5719842
2455165
4349360
4727551
1432285
6166452
2732493
9803033
6691426
6127903
1406191
9683099
4997370
9048873
8902174
7101025
1754161
4082350
4865304
9503593
7595864
5295590
2673272
5263006
3454008
7165682
6462059
7108885
9658246
7734080
4815358
2182743
6214375
4552631
6355238
7274496
1162128
4242422
5022101
1209169
8955115
3446637
5071910
1745776
9591648
1170149
7291012
8386352
5375849
2578507
3363499
7284917
2410647
9681651
5381897
5390101
4954872
4286620
2459485
3471487
7622841
4449687
1852427
3963577
1846489
3689368
6201144
9721307
1904283
6485291
8241509
6867172
1944712
8062679
5911214
6410043
3557513
4514778
8150443
4198817
6652143
1231693
8895399
5994465
3484216
7740126
3481123
5921331
3651695
7080349
1557919
4163556
3654922
1360717
6186477
1758895
7108287
1745497
6227281
8429488
5892971
2625260
6602782
1491316
6691338
7183050
8239094
6340419
9255737
6157865
6626814
4896112
7918469
4879017
3214057
5729288
2880645
9365443
7859647
3482767
1682890
1639355
5249415
2695607
1440300
9146488
7789402
5714169
2125861
3464061
7629871
8861991
5982437
8142646
9097565
2754644
8212286
3133737
5855695
1788187
4851686
8493568
1652385
6598810
6443212
5059070
8244716
8612432
7778764
6915642
2709219
2931823
5820864
9749545
3174847
6539577
9937760
1555859
3412978
4648109
2877346
6053333
3552167
4994872
7684764
8352971
2225334
8629717
8143105
9706678
6574558
5680384
3976418
8601940
7995062
6489187
5050057
4228424
8316765
5649651
1570233
2695361
1503219
6001558
9818302
8216050
8409040
6954728
3912499
1456729
2453401
7657250
4492590
9187451
2133559
9199856
7854406
8088281
1463887
9725144
6825629
3997891
4818015
6398765
1488359
3647527
9860011
7630177
5959081
6338957
2896796
3512868
8295080
9781173
9958706
1635146
9878722
3560202
2222499
2589808
5343969
1559978
9975901
1376974
7527401
7561059
4436468
2282477
2809627
7746658
6559764
2428654
6485128
9997563
7116332
5716418
4843521
6566598
3529393
8096269
2552401
6149817
3775739
5996927
6219124
7409766
8099982
4038834
5565550
9849940
3296702
7046363
9561453
3883750
5309625
8092281
5992179
2468675
1963754
5610038
3003556
1705071
1231451
8878585
9816285
8890657
7757825
2584054
8616803
5151100
9821454
2808958
4478901
8256933
5508519
3430013
5499062
5286728
8175307
5583019
1627745
5731289
1738002
5732658
1850883
1616709
8209380
3056351
1374477
5589417
5433390
4094262
2918865
5533551
3065670
4931743
2677048
9679178
3854788
8051556
4232650
7817225
9557340
4835587
2408941
9368088
8963325
2409519
7957183
4733093
3279169
7024367
9150901
5739960
9929007
2396448
8774117
2007929
6749470
5294241
3767065
7159786
1362804
7599074
4517985
8452262
8908557
8134177
4388402
3233586
3189380
3464584
4247213
2319704
6834659
5351503
8364245
3627671
7146767
6994899
9889377
6936688
9169862
4278564
6421344
2152872
3110189
5115582
9186585
8706135
5254685
8920569
3700723
5449901
3524161
1183212
2010299
3303888
3718182
4176452
4462231
9632152
1174438
7309668
2287343
1781699
8618014
9774533
6919849
7607572
2557850
2696318
5817922
8557821
8143465
4923277
7456303
3974104
1956283
2945553
7375897
9533241
3748409
2655786
4445738
6009197
5750297
2696237
5280187
2811604
6876189
9968570
3907526
7884848
6084486
6856031
8302863
5542082
8955945
2523540
2277147
5042916
6261347
3873853
7501322
7675695
4229606
2228076
4773816
1510106
7778770
9911136
8257929
3338763
3811362
2270524
2811871
3964363
2709797
8500058
3786241
1312930
8022330
7367747
3368611
3485724
3943957
7956630
7965263
9330144
9108762
9969302
3480133
1427389
7680469
3502248
8803129
2766203
5303680
5327048
6587852
3106548
6267595
2794428
4670786
7122892
4453555
6290868
1201203
9602955
7625947
8451012
6259666
3853795
5226871
4874238
4588736
3075011
9782687
4059611
5620089
2883899
6680342
4419345
9000956
1162854
6963927
8722885
6405528
9968042
3578586
6779996
6192557
6076548
7120757
7617728
8957304
5727757
8901090
6789352
8583152
7998317
9670860
7938134
4561595
2949320
5315513
9814969
1647031
3611482
9291961
4772008
8572807
7964334
9753748
5945293
5665623
9914136
2252602
7617018
7428066
5395158
5923351
5609993
5484180
3901809
4430696
5502018
8829968
6889516
9571138
8958411
1953652
4894886
5432443
5725668
3541954
7261194
4857268
2553558
7392491
3587881
6768831
6172688
3071428
5891658
6071752
1643200
5339983
8987122
3231008
9706377
5375027
1562364
8783369
2171480
7260067
3047921
4821149
4467583
1432760
5073541
6254572
8392011
4997104
4415975
2699696
4072742
4835494
6708793
3774821
1683074
9780057
3978844
2561738
7838926
3881632
2642697
3960303
4137640
9781770
8237176
8279408
2710715
1141224
3804470
8401261
8779171
7658371
2440313
6574085
6283116
6981061
6097582
6191714
3432504
5496421
6324255
6796813
4103373
1861128
1848228
3406254
6765321
6419500
2835207
7317130
1477080
4366654
4567984
6535734
2365766
6854471
9551436
5799709
8105117
3466959
3447844
5273380
5599437
6596013
9782367
5421344
3203101
4317567
2060570
7787301
5457063
5240309
6910285
7736154
2193634
5707435
5514301
2826200
7640795
3384612
8755729
4216939
2178220
7677125
4318154
9277658
1764115
4957409
7900703
4864281
6494778
7498009
2938378
7477166
7926565
4206107
9196960
7649123
1162966
5378965
8961145
3794677
7297534
6762712
6837491
9104748
3443159
4379872
5564311
5387917
6114691
2701675
3155196
2599531
2731333
2806216
7475563
2525056
6910915
6674993
2159199
3855124
4805547
9462223
1975418
3596025
4584048
7591182
8428247
7513491
4423287
1777339
4943692
7119387
3229880
5429109
3141443
8160307
4029699
6027200
6964709
5698571
2798119
9154382
7648835
3074298
3177271
6530112
7318235
9321109
1931056
7208066
1272047
2591064
6323603
6309975
3126743
7833967
7796060
9124154
1851967
3229073
7832777
8887649
6614158
4392439
8921950
1782380
2991311
1579326
8489326
6281566
7161247
3868220
9804768
4033660
9706469
8832942
8221649
7575183
6037319
7988321
6485313
8290054
4939640
9088684
9387871
7383097
4547776
6163985
5361416
7056052
7007645
5754252
1934942
3689762
7402248
3061697
6149067
3307793
9328744
6543262
1977326
3357370
6381464
1693030
6121769
3259869
5188735
4434436
7012377
4002738
8273626
5385023
6359389
2566632
9108497
4658172
9516232
6650709
1277049
8970704
9184947
8216199
8154892
9932580
2432091
4847939
2292511
7463015
1206131
7598328
9821014
7959588
5872743
8327517
2371913
1870475
4708173
1802639
2557265
4298647
7082266
5877658
1675064
7320205
2742823
7755863
9023498
2627551
5517834
9807521
2890406
8283845
9635232
4005142
3345726
1618670
9784804
2370773
9028527
4521994
9903922
9273278
7618167
9753165
4512137
5663980
9987477
6451978
5648407
6218019
4914716
8691902
9952357
1643423
7469704
3111864
8591202
3895546
1303184
7041968
6363504
4004874
1426509
5609482
5997663
8391060
6475214
1681455
9794969
7483991
4824559
5942494
3812981
8063071
2940979
7128748
7138553
6843940
5743834
2945387
6499760
9134423
5190032
8989545
8915228
2617302
6989419
9846630
9997717
7658296
4326437
1118087
5460048
5763308
1513431
8235690
1187745
3109309
7999942
2199173
4579957
6561618
9598592
7954192
9129154
6599087
2438424
6165312
3508303
7924678
2717241
4580723
9935662
1954956
2729241
6351176
2131053
7227552
9542814
9813745
6094233
2765761
1526167
8434683
1818800
6072146
2553422
3782284
7613592
7221362
9902887
7369767
1699730
3274870
9628126
9222157
6481258
4508890
9408239
2171353
7360841
3195193
2933591
6238959
9316962
2532612
4315998
1213219
3088752
1654705
8628551
8424612
8520625
7125009
2109887
7408275
2863468
2046060
8604661
6710346
9081317
6587355
7881469
9408532
3530358
8496824
2761074
7895602
9350439
3079253
3568280
9068690
3165699
7261008
3806549
6592422
7775452
2469853
7343857
4439061
7426863
7057194
8515661
3721921
4625631
7519263
6442689
7843478
3327273
1348923
4805125
1531897
1872736
6233465
8734399
7424851
5599352
7609119
3474274
6591930
3217213
9463888
8722650
5275072
3022221
9790786
3387948
6202390
2365276
6883943
7850159
3073072
3736498
7512274
1420903
2377731
6977368
8950641
6746206
2551990
2076506
1294992
7016086
7946849
5743558
1318203
4622322
5905915
1871339
7222920
7514765
9665230
8218268
5911901
6077698
5556968
9824243
2883629
4139721
3603912
9044759
4450639
4922541
9136928
5732323
2675955
3186512
3797969
7849213
9135019
8944922
3536058
8930846
5120242
4514873
7968889
7839963
9172613
1125744
4903983
9051872
5587408
1117787
6789081
3330704
2058227
6369429
9454609
5784052
2461622
8186475
6746775
4266229
7145876
8068468
3588698
2705858
5417645
9579934
4684451
1140670
5057932
4363437
3097779
8913084
7659347
2158223
9651109
9366626
8085370
2576698
7187288
2729717
9783651
5631915
6713447
9255805
4071853
2414804
8662202
3521964
5764651
3774726
6253942
6602433
4775828
3192028
1249893
1426258
2478568
6770021
1423555
4215843
4400507
3363103
7434504
6804485
6906713
2405948
3672815
2606700
1720938
5676796
2334444
3584928
4770986
3795432
5123417
3742328
2530639
4470985
5578160
3078812
4145142
4413146
4818645
4079212
3269515
6899482
7223625
2331781
9967673
7622716
2219738
4438211
3904941
6928951
7317204
1622051
1516794
6098924
5421628
1855749
6304261
8925145
4028084
9563067
1879837
6164314
7739926
8008712
6878017
5907575
4191093
3507799
9432307
8893158
6682753
4514827
7797976
5251815
2482592
8162961
3274804
2222271
8300760
3041642
2213469
5559274
6956043
8111757
8535155
3726963
7676169
3175929
9165493
7644500
7999968
7066494
6511492
4281706
9359871
9817237
5704509
4691083
2335318
3289896
4816588
6644545
7032131
2642392
1143604
8876109
1578947
4334939
2001365
6237367
6729586
3746549
7384246
2407996
9787713
3360546
5923531
5871943
7056391
9101965
2705503
3833207
8933721
7511423
5816370
4992025
6614142
8421500
3430430
5813697
6289445
4729779
6396957
9711351
6373171
8113332
5117539
2655305
5288452
2325023
2920682
5412965
9868852
6967614
6265627
1937281
7914424
4204864
9222820
2610797
5341520
8796589
5259199
7624125
9123816
5478588
6977190
5019252
1907633
1128260
2164623
4648023
3028168
8886052
6926265
7704613
3185283
2827407
6017895
2863123
8141479
4229602
3345732
9807972
4632502
8453686
5045145
2533388
6672020
7929466
4133708
2615786
6373298
7928356
6234225
5781956
3888572
5000142
7107911
2229345
2202396
7230310
4736789
8872865
2781267
4675998
9256736
6795046
2959591
2405310
8080300
5850749
3026067
8063870
9626101
8558072
8599705
9986379
4712049
6327954
3156178
6377938
3864878
5937770
7425460
8949371
2305435
9906937
9058254
5164368
4038842
6158551
6059588
6295468
7696756
2588910
1345057
9254120
6465778
9038031
9889292
5947778
7068283
5113104
2451862
6610645
2160104
9834205
8414934
2907216
9614744
2581007
3309196
6592602
2462426
9259281
3997942
6912518
8562308
8102796
7342668
4420218
3787938
2671445
1132027
6785867
7451565
7794265
1714006
8238633
6245068
5009001
7675542
7569516
6846321
6097564
8036939
6949388
9148249
8924964
8502210
9627546
1290481
2153715
9374788
4943812
1551435
8054162
2028728
9184127
8878246
5029664
5220875
5699545
7440409
9227112
5604380
5467566
6935657
7703545
2907945
8817461
1396810
4641647
6171855
2152513
8714030
4307457
6609360
1891036
4708189
2287852
3309524
3982692
3708185
7748822
2543557
4670501
8159784
4941593
8975955
4172922
3385146
6514695
7355364
8939078
7938050
4281093
6533869
7831273
3437181
7911663
3216777
1797361
7850511
4613006
4411254
7584712
2706609
8209799
2321314
8682363
5058239
3038006
3941593
2453662
6408051
5825792
5741921
5605272
6676927
6931151
6003113
3124151
7610462
4529063
8242254
4548552
1193240
1506581
8278398
9109696
6578241
3329806
5112009
6077121
9319251
5716762
1451566
3708807
8749567
2257985
3800456
4482358
1270200
7951746
2366179
3796357
2812992
8371798
6657037
3913411
1393952
7908490
3640978
2792968
5611044
6101850
1445772
3317090
6239901
9604569
7640377
2706673
9951287
2305782
1664001
7729593
5414049
6273922
8625313
3633550
8961028
6229860
4669347
2610027
3237724
9939133
1675463
2480699
3893197
6450714
6790244
2626800
6392688
8811997
5483360
3694635
9992342
9344726
4889628
3892065
5805535
5371091
5753644
7819140
9427763
7028288
6386048
4521248
7347043
5264207
8347828
4254895
4100046
7206365
5241255
2378502
9304984
5888823
9849921
4166774
9532289
5222802
1228666
8914036
9434999
8710162
2498138
2442668
1566718
4143158
8144331
4600202
7326054
3647284
9228428
9632557
3354340
3791168
2965138
9423703
4351496
1730829
6302939
8256613
6887996
4292172
3055027
6003070
8109144
1119907
9363115
8926861
7593008
1389995
6932428
1217757
9655224
7321588
5382695
3634127
7154562
5406173
4382397
4207355
2830276
5758999
5050594
7794434
4943501
8692388
3313170
5276805
7311956
9615163
6022288
3918572
6906248
2934722
9034553
5419532
9121702
9301904
5354130
8930055
1430601
8193247
3200730
2170888
9980125
9115203
7541498
7550789
2690147
9448045
6298763
3769515
8982524
5201965
1154089
6393567
2191077
2835524
4573682
8895964
6309358
5008031
7300943
3039977
5345332
2111966
3665797
2291036
6141082
8038889
8722257
3950947
4863778
1205701
9006568
7637056
3780490
9783851
5513074
3334678
6823686
1402094
4259348
8323584
5377603
9684972
8188430
5419245
5989320
7392297
4492321
2372711
7953062
1726753
9107189
6757198
2922229
3711286
2529925
4703343
9814117
1534577
7290536
4688774
8646222
3928883
5955056
8722614
3933186
2066450
8558317
2114493
3231776
7087258
5769555
8385847
4427254
8488682
5886075
3748223
5169434
6718078
1680550
8899939
5212839
9271271
9049407
3581297
4919812
3714228
5487255
2659994
3124957
9486528
3818109
4192986
8338839
7610489
3482020
1939966
9935475
7438856
5247130
8137501
1948459
7253037
5216724
4954727
1895912
1771453
8070066
9902426
5374148
7452887
5627914
6922124
8666028
1447669
3685274
4419999
8089848
1217428
7493376
8424568
9729200
6671711
4458165
2345025
3423209
7061600
6921303
3659419
8003201
7116234
6975833
8134223
9182851
3715362
8461482
4537328
8372954
7694470
4909878
5814150
6301184
8585609
7637360
1213089
1596434
6392165
5017933
1786564
1532402
5146548
8273919
6781179
5767572
9933219
5450165
5687965
2806750
1191985
8185208
6206819
8158274
4362118
5378602
7553853
6804424
4821549
7194555
8715314
1263847
6055694
6567708
4323104
2249189
4067942
7899808
4034789
3006468
7490082
3358897
4950990
9203755
3657183
8548142
4392377
6479183
5148991
8624722
7104429
6273427
5387579
3111986
9032572
8973233
9656511
5274205
8953671
9338230
8150058
4861967
8573393
5352064
8176180
2474586
9368646
7447365
6978659
1334763
5502098
6759096
7977471
8745406
9366195
7980978
7461431
5248577
4330676
6216116
2580886
4346565
9902332
7521195
5395861
8095112
5770579
2388429
5377148
3977406
8611418
3026198
8127940
8784044
8982200
7683746
9000581
1271377
4930184
5334188
8223370
8589149
2410372
5672743
3300820
4278107
5252491
6757148
8261596
1611283
1535436
4008735
1155701
4572898
1262327
1338018
9821270
5571941
7569081
6453984
6250880
6853405
9725987
1644670
2764334
7721785
8969910
8478302
2564295
7119984
6676947
1627292
1811389
2853223
1429067
1171838
4333098
9836386
5288074
1391142
3049995
4377774
4682627
6853470
2315303
6922128
5379117
4745186
1245707
4592615
2754796
7477049
2465517
3548424
6371540
6942266
3621570
4770019
4710485
7015705
7859787
8220383
1334011
4025029
7706618
3632573
3852968
2892123
2328498
3953396
8192974
4616708
4948206
1244573
3295197
5960866
2020138
6204540
7588172
1278426
7303768
7253438
3161403
4658550
3396291
2656218
6336241
4337679
7388075
8145882
1993284
8898872
6003193
5365771
9854853
2397186
1811344
4729295
8234160
5363149
6202277
2077826
7057943
9722593
2362927
4399545
9684342
6728725
2573526
8852907
9572997
9673838
6557441
4595477
6200714
8431389
6448640
5233157
7532566
8833820
3516148
1378315
2616874
9828615
4216314
6322932
6060887
9446826
7663597
2109583
3172034
6002716
7064140
4797939
7465348
5394503
4342069
1511794
9815302
4299472
8431012
5846421
8201095
3106889
4041461
3304813
1929350
5812202
5973496
2085259
5064562
1113535
5020908
5209475
4618713
2062939
3704966
3723658
4768985
4034951
9330737
6256233
4654827
6802875
6190043
9839292
5644917
3197285
8292441
7715072
9153445
8078737
2710939
5892529
2364511
5517756
5040089
7599461
2625732
9679473
7233551
7292108
3857467
8178066
6573390
7770268
5797438
2085301
7818587
3775116
9603135
6322657
1658659
5396847
3574736
4232071
3210859
3547888
9145739
2005115
6464372
1313975
4131429
3356520
6062206
5816243
8333914
1491332
6221702
9152800
2013514
6186198
1361626
8332614
7727569
6649239
5865364
3553723
4181453
2894894
2213354
9224199
5955326
7771161
5443945
8722945
4353448
3480700
6967223
1598783
7304155
4473493
7589758
6122074
7097015
6175560
6301761
8605808
6454389
7858656
3198335
4314902
4423944
9554839
9526107
5218502
9768478
1615450
3232684
8064561
8059217
7873398
5112853
8225119
5973498
3661459
7406848
9524429
3494799
6019607
5765653
7786991
8901266
7683179
8957579
1566322
1376469
3127495
9097217
4051058
7260603
2949500
3405026
9964391
1198005
8778374
4968337
4684559
3534689
2882275
5275285
3575975
5456042
4833611
5883170
3900055
5952465
4148450
2927833
7269916
5595680
4878396
8689704
3404312
5163599
8100286
9063501
8154822
9910135
1187038
8939926
4223733
4589700
4344499
6436807
6163339
5879432
1836331
5023047
4661320
8618780
9382193
4307555
9106413
6583603
9101833
5194798
2967075
4923879
2034962
7489606
2247923
1865398
2763592
3031702
1936636
7847373
5635276
5812802
2042405
6124790
3141960
6658667
8927818
1315821
1172476
2984858
1531236
7744545
7017785
2347554
5080611
1306860
4882291
6725250
9567411
6007843
1401487
2216464
5229540
4302734
4319631
2673389
1170161
3687698
8557062
2475094
8916233
1905781
4587531
8028353
3465448
3509433
7678110
1414246
2428903
6550577
5041245
1586760
8040722
4289493
5811390
6386825
2446631
7897299
2441184
2397938
6075404
9620157
9834606
9930719
7553610
2180089
5721890
3579649
7814231
2673234
2846161
1378843
8706662
9762067
8458492
2680248
4723920
8510338
5991052
9843614
7657588
5373985
7645185
7692192
6746511
1343413
8226438
3514156
4367519
7561012
1118735
5394860
2971987
7936664
5648707
7686991
2574741
9213639
9395439
5301076
5830955
1525563
6851036
6802633
3741988
1391133
8874229
5862005
4072743
5120225
9802567
8457227
2349675
7827605
2037552
3979843
4091122
5109734
1297909
1220698
3650641
2579539
9440523
6515883
3223133
8707336
1981271
8585302
1982058
1137024
1766856
1386902
3252917
2802691
9147929
7363005
3536069
9442741
5577505
7989879
3982233
7093915
9773944
5787989
4853342
6570909
8862560
8785264
9226983
2069318
9267388
3889663
3376512
5163397
2014382
5129484
1590208
6110628
7150081
5663612
1614171
7185544
2613184
2464166
4122955
2535297
7190343
6072723
9080858
8245334
9913680
1309493
2208181
1645868
8921516
3322796
8660434
6527968
8748926
6626519
5201150
5214976
4728026
3485577
6952885
2004513
8835698
8031953
8954108
2210855
3235523
4454534
8727341
7169504
8941688
2047063
8685541
6822613
5747184
8871111
2091633
9897705
5649619
7503060
8990776
1275084
2748919
4875411
9424215
9549829
4135030
9243940
3512038
8972668
9577606
8672222
8197869
9769151
7984427
6394306
4727022
4476820
5694840
3376532
3899220
4464533
2518534
7726303
6335732
2109079
2794627
4221699
4786371
7395214
2866301
1611177
5328533
9667643
4639800
4203625
7801346
6210678
3317527
7180430
7098640
7915887
1741926
9885633
9790017
5224591
4949498
5496342
6937366
9222837
2114679
9037713
9047284
7050879
4737335
1181786
2728673
4028211
8750420
4850971
7972708
4548658
7597707
2885366
1727979
7914423
1406833
1475854
6373188
9855762
4332170
9573853
2502864
4338591
8928274
6395115
9106568
9503067
1376456
5634001
2217890
2052549
5733232
9709504
6475936
6254070
1368800
6489451
5842441
2040326
6740624
2305061
4837301
3942065
2547984
4010322
9409720
2008028
6182732
8060182
1601215
7909807
5717140
3003026
9920071
3908526
6618697
6293470
6973909
2130710
7032981
4638084
1908427
4345981
8314580
9235216
7984904
5786902
7520782
2437694
5348666
1556560
7300133
7975874
9173683
6256126
5994407
1879431
5173309
1614468
2412764
7722999
7888036
6372330
4262360
4491505
1936800
1119728
1118368
7783283
9060714
8218853
9678245
3764878
6306538
9240356
8072660
7815263
2965137
2982694
2572633
9056253
2805341
3467147
5919703
8161525
7416598
6315904
9566365
3385615
6877188
8597349
6606165
4871346
5151830
3852826
7572458
6197893
1723302
3329469
2362091
8671310
3800483
3013268
4009497
1747157
4244090
9117372
5029868
1512001
6538014
4428510
2763140
2893469
8238532
8614290
2981278
8933194
5827183
8692294
6671395
9050349
8314340
7173278
1235982
2557814
2642868
7650200
9890039
3140635
1730685
5193747
9778522
5989137
1278147
2742680
9731221
8219449
2709724
5150790
7616878
8259129
4825286
7454377
4318346
8118465
9906852
6199035
6964114
4860159
1151956
6087441
2960294
6053206
9417679
4733771
6393036
9976618
9728629
8093049
7838692
7919029
1994120
3522967
5835079
7679234
2806630
7821282
7945664
2884105
8936337
8872894
8131190
7631499
6805872
2868623
9875900
5123872
5838760
4876289
6782653
5562543
5254286
3799068
4371064
4491230
2109166
3189976
6321940
9256550
3203198
5044813
7902553
9151262
2804218
6985688
4893587
2575610
7046027
3921691
8572847
2454945
7012412
5343981
8580937
4958829
4276573
6323908
5912736
2701163
7949549
7072944
7002907
2693037
3796440
6388083
5393762
1776615
3363825
9230832
6028804
9585365
9205842
8541405
4865829
1821578
6145851
3673160
5328291
5363251
4053638
4851618
2700324
8096865
8892094
6871784
5729621
8838865
9003623
4874548
3607999
5178534
6037470
4453263
5540345
4478339
3237578
3814087
1173749
4977454
1574712
6987491
4969910
8466203
3179631
3244409
4733396
8083853
2056150
9226466
1386360
2541563
9463592
8397835
3625427
3701698
3032691
3859143
8379881
8837605
9216528
8237335
4661386
6954063
8425783
4750329
3289304
3288111
4113821
6042339
4610159
8853644
6185969
6678899
2175624
6059895
6685094
7789203
5139883
7757309
8364656
4139347
9440289
3529842
9553859
6587424
8741400
2076102
5436775
2072706
1299340
3534390
6432482
8056241
4318733
1812848
3635454
7160067
9855350
7338442
1122461
8837552
2190702
7574392
4988003
5143041
9102346
4084107
6641614
2658407
3546913
3718956
2660038
7058240
4673354
1906305
5612948
2512013
9547157
5005636
5868919
4245106
2922825
3241473
4467008
8230422
5882138
6321836
5072053
6979033
3887229
1299583
4911389
3538994
8490105
7090361
2547273
6730321
8221929
8751708
5305344
1357680
1284769
7774787
9011262
2919950
1870200
5474533
6402671
7222967
5783163
3674567
6612740
3959710
7864695
2305040
9512016
6101472
9633756
7664791
8965630
6321927
5816481
4140288
4471233
7101143
4727683
2291296
1473550
9851608
3903579
5220375
4278988
4203833
2153889
7518881
2310751
9917051
3224023
9150016
9698573
4502421
1795898
2412126
1711946
2804053
7647229
4999098
4949766
5087328
6514889
7804483
6852458
8905485
4496042
9693362
7667075
3946397
5446045
9319437
5463101
8920239
2284536
3125120
7003533
6313504
8083855
1153154
3948957
9842457
2772172
7572882
4870955
6962980
8364762
1342631
5352493
4670937
3628342
1764498
8369983
9909168
2014557
2586388
1311507
3863354
3509246
8931830
7530386
8703479
8822475
3042308
6791599
9894709
7032196
5796800
5418214
6622263
9849011
6821230
3304342
6298917
2922158
7315070
5815925
7056054
7671658
9393814
6903432
9200794
1510103
3334337
3697834
4159602
6043675
3897719
2530363
8980060
7702549
1188986
7450587
1217020
3104483
2477374
3753745
2267789
1727934
4303976
1409846
4878982
2420765
1301383
5374112
9674411
9161521
8968004
4731148
8604475
7905434
2768865
4777783
9145194
1376444
8232608
2521914
2501014
8987947
5052199
7866396
8613450
9333026
1447955
1185820
8297035
6446000
3819847
5627764
7360865
4020612
6173584
1198929
4391675
6376223
7524435
8067116
5259729
3785607
2604203
7415734
4544542
7146715
8272328
5039302
2177574
5217202
5985221
2236528
5996631
4679577
6066985
6079154
2466837
5158797
6274727
5471008
2297372
5661951
8456822
7472162
6095854
5949937
9215946
6195334
7519505
7697118
3226456
4867633
4472153
9187188
5389422
2328181
3518078
6240928
3177459
6447697
7922230
4987597
6185422
8657674
5932650
2604686
7878217
3955975
6672934
7626218
4591154
6118843
3254116
5462302
6034073
5362107
7279824
3955805
7029101
2195624
1759593
1456394
3953037
4547405
2256407
8647195
4130745
2098814
4916471
1506756
1870684
4249828
7898505
2008204
3830766
2160498
5375322
5466395
3889112
6125042
5236691
7211010
9270789
7667871
9070633
5807682
7131630
6517069
1318534
5870994
5287069
3808446
6881776
9927080
2927696
8706560
2937581
7649806
8849061
2468005
9043706
6804020
7320720
4182154
7376499
6144719
9145085
4152461
6552011
5798135
2327427
3989182
1176895
7361465
4217634
8323438
3153128
7306851
3479158
4520128
2344379
3455505
1807210
6866446
5716166
5254678
9939058
3729807
9167370
5209860
5949890
4821031
9481872
7374685
9369522
9948562
6151655
6448007
1966594
7617166
5884364
9387420
4909053
4135278
3061819
9395340
3905224
2731759
2637579
1745410
9096759
3011631
2860956
8283915
4822281
5222232
4158835
8604471
4455170
3898242
3360251
9748487
5997654
8017198
4735010
6948712
6492798
4994996
9276085
3928033
2762175
5794402
9429373
9112607
2235391
4631451
6506887
3994850
2351412
7194728
3181631
6043012
2570450
6506400
6515508
1695958
4582662
6327885
5623500
9677065
1778069
9499047
5408652
1961813
1829166
9732226
6526824
2607883
6431442
1133529
2590290
6904485
3760576
9702277
8011130
9287896
2872707
4824500
7835472
4898972
7817565
4486506
5439508
6169270
5804275
6744264
8040241
5068070
8147334
9652476
2364589
5164668
6448780
9085910
3664177
3410970
4726512
7643465
8315272
2314767
6886665
6572118
3713767
2324843
6414986
9394212
2059075
8966956
6684155
8415104
6314251
9728748
3426165
4602869
4008121
5473518
2684422
9143114
3810686
1129304
1762843
6672803
1298425
2201956
1375844
8485015
3111773
3810387
5062663
3481690
6839657
4344300
3776824
3430967
5137880
4812210
6993789
3603344
6154368
3062182
5052442
6338125
2347201
8579408
1673543
2733863
3759637
7782555
5664299
5612095
4316514
4812022
3683327
4189786
3181801
2731230
7914029
4905579
9245747
1485808
5511979
1510715
6642135
2746006
1738201
1921893
5981772
4817927
8420468
8163929
9588192
4676668
7337982
9154495
9312989
5084660
3650983
3278262
3936366
9460520
9310123
1147394
3374084
1897132
3661486
2046433
8477033
9580404
6423627
8840756
4746570
5837536
6457301
1365210
7714795
6738067
6060963
8801938
6692161
1820574
8772366
3816061
2511442
8589571
7554144
7693675
6806999
9070549
1258989
8767793
9420431
2520439
7558216
6247224
1156252
4131534
4477522
4767040
7909695
5129728
1661013
2027767
3648215
4923528
1168178
8549132
4356135
8023193
7177179
5423313
9490835
4273218
5346321
5566670
5697681
3256527
3555637
8174789
3034690
2081899
9700707
7543491
8954850
6507928
6316291
4484202
2043032
1791723
3499791
1129368
1340469
2389164
3671783
2128139
6581905
3007325
2883764
6368466
2328513
9081199
9509631
3415665
6058617
6372899
1740130
8388085
8152111
1185166
6746097
9969287
7366295
1866949
4332467
6779322
4688762
8995959
6335933
8428017
6945510
4700005
8458072
3681402
8605522
6127807
1927051
4209692
7545828
4321888
4547949
6822871
6851415
5452175
4273219
4455417
6343916
9489088
2470941
4939721
2239445
1938608
3036973
6990167
3536486
3010328
2586616
5548538
6692690
7050193
2255264
2920824
8268405
3940067
1870956
5574762
3755083
4216066
7868971
6023665
6025053
7732569
1130786
6278906
3411089
6183568
8175769
2434114
7327456
4123142
9454000
8955932
2018618
1676594
9889788
2195434
7560863
2601948
8514856
9439045
2199876
2577395
3776424
2673005
1503500
4120530
8832342
8853618
4237811
5421443
7548426
3146546
1757399
6292593
2159294
7122509
7200730
4424858
1853919
3047711
5200795
1147688
3319976
5146349
8262874
1591447
4105637
5709461
4909849
9748640
8440327
2724227
2144789
2738267
5695555
9404401
7224957
3303542
2304430
5762914
5764335
8908011
2208220
7727897
2991336
6201931
6697084
9153417
9231230
5754342
7315242
5665369
3896697
9983858
7249077
5233334
5902778
9555027
7181658
9194418
2572138
3334971
7954163
2683487
4314315
5116219
5367947
4106429
7910564
4131683
1855043
1388669
4036663
1632663
8160061
5888951
7427775
5475817
2096998
8865442
1215964
5653746
4033769
5231245
8384958
9318948
4090884
8841590
7403479
2620771
5883536
9650447
8914144
2685953
5678046
5097680
4622543
7717878
1461606
4247362
8083854
6716844
2349905
2925941
7682832
8274348
2520695
7626156
5794689
8552377
2388165
3627214
6968707
4806715
3467554
5002240
8239409
2974829
1561277
4734918
7863095
5867290
3012937
2606830
5084381
6020220
9915494
2787335
9119472
6300340
7642091
4206966
2049120
8538415
4075253
8625888
7341509
2027239
1491135
9285736
3947877
1121875
4852937
1208960
6607646
3865200
1396181
9263145
4718884
3994861
7816321
3644238
5438111
7121493
5276363
9170984
6418151
7540390
8216706
3615757
4858222
8832570
8878613
8179835
2046513
5881413
8236967
6407432
5281216
9797739
5705678
7461807
9881068
6760746
8212307
5883200
5830291
2162649
9390340
4233571
7158823
4961894
5571651
2029110
8326409
2950590
8866506
5996651
4876872
7254044
6043402
6674870
2815484
8307680
4507681
3589240
5149180
3055985
8532899
3742938
6977815
5187324
4986681
4492961
9794711
3935517
4304806
7074365
1511925
8466994
6689919
4976453
8251849
8401267
8396392
9855701
9767088
5622439
4340438
7560046
9967463
6547337
8590057
1916140
7033323
8181702
5997042
2345508
9116270
9104234
7258883
2400393
1127755
8206073
5160715
4754912
8250783
3795985
3634329
9292528
7019515
5718820
4121592
9354395
7976079
4568845
4045992
1415278
2480969
2574735
8720278
2661132
4534665
4603075
4940912
7852367
7253244
7217418
6613916
4632910
1461018
6383679
6676839
3616425
4096520
3320235
5198218
9654518
4487263
1876411
3718917
6047532
5297865
9867798
3342849
6135412
4504401
7220086
8777406
8441725
2030759
2907838
7756433
8237447
6388178
1740963
4050032
8413914
2692464
8342163
1814942
7854421
3830188
1185449
4036090
8881104
5665663
2884735
5723467
4741188
8723729
3304909
3645948
9728531
7763198
4028921
3570265
6065421
7979611
5464727
5138642
4970183
4035070
2488210
5579827
1778363
1589662
4733366
5219068
6605455
9897747
4417234
2878098
2630545
4853593
4897408
9021256
8226187
8815028
1980386
9517369
8755733
2686966
7115783
7593976
9750116
2091252
4236755
4605634
5200899
6756040
9628247
3597085
4787846
9337155
9968099
3717276
2511371
2559847
7699209
5855840
6277552
3115077
6117122
1806193
1231227
5244080
2555922
5621914
3330869
7102660
8310311
4217500
5586680
5967850
3271599
8550716
1307533
2707341
3125785
2349378
4083818
7451694
8564120
9093922
8192093
9376314
9410031
6335240
3229007
5118125
8154233
3032684
5897129
6019839
7965277
4634423
3901404
5201795
7270333
7815002
8758363
6232711
7688315
5636436
8030739
2988110
6865000
8918475
6667843
1569827
6643956
1509066
8989404
5547805
7099420
7297557
5439678
2544722
6944320
6172417
2623909
7924965
2619099
4142121
5624700
8951583
6929270
2066236
7507878
7038712
6297940
7369438
6565110
9816743
7999389
1195829
5978432
1199037
2783328
7325350
2563964
9835906
5931622
2479065
5848437
2829874
7620608
9385923
5380877
7314475
8790500
6847381
7156037
5273984
1832794
5471138
4399749
3706821
9571676
1544479
2803173
3266163
6006461
7877719
6090063
1716210
1628848
5771889
9268994
2639378
3805719
1775160
4195414
9095982
2860865
4475555
7115880
9171372
8140130
3587558
9538813
6911868
7173108
8901322
8490091
5017283
9073663
6362073
1414394
8289542
7377175
8420189
8335606
6001844
1676208
2388852
7735619
2389449
5701973
2009282
7905763
9315335
8100291
9278069
8771142
1348132
8914317
2441867
2022328
3752250
6735382
2314570
5516996
8374874
5904341
9608035
4212422
9492429
9210449
9675169
3605420
5256656
3290664
5200024
8188941
7755291
4712824
9125466
9323545
8833122
2723424
6308946
3780718
5784251
8197257
6680777
5426794
2080463
3974093
1823108
2929768
7656216
8686410
8410112
9218927
3236306
5518120
7863987
6227616
1716933
5953944
5197563
1556383
3789076
2228980
9597497
5356630
9781126
9145836
7469203
8584473
9354804
1328042
3263329
9303210
4109574
5184910
9304252
6138578
9387055
6937353
4398367
7924498
3813603
9133390
7130500
6550986
9124236
8217246
4441701
5275027
2685262
8114761
7885240
7447685
8811998
8300483
8738719
6138506
6262620
9643168
3784544
9482800
9352565
9984432
3810632
4589872
7215295
7243019
2765315
3165126
3579054
8812338
7140159
5069906
9608316
2860942
6730910
3056184
7582340
8507234
8480526
7494724
5954417
9525099
6053829
9200406
5001387
6606809
2498291
1433045
8639414
4378649
7856912
1382056
5652856
4791099
9764708
7570487
8223038
3953450
3207651
9364905
1324444
1662623
2739254
7100283
2716212
4226652
9894297
2218077
3838899
7157447
9160113
5173376
4203475
9492357
9263549
8511560
7420569
9833173
4476620
5950989
2915064
6443819
3663448
1672677
1346349
1317988
6570279
7898379
5382347
4117329
1819950
6719117
6322346
6809501
1791448
9209243
1877618
4971786
1783836
8614520
2713041
3778316
6196034
5720423
6136124
6627397
3593735
5481821
2925990
6301676
3795955
3187537
9058088
9452947
9094928
3986390
6322923
9637714
5687178
1930766
8247114
8531931
2583567
2315624
3001421
8352481
3079437
5110801
4755250
5985097
1968191
7197610
5425911
7713185
3427935
1387199
9440776
6529751
1426775
4775723
6568387
7119529
3768884
5966736
7521568
4015637
8325604
8953333
6654284
6307089
3215599
1871400
9244513
8865068
7980186
8412408
4195488
4020689
5489262
3161682
9706053
3710631
5999794
6887865
9034961
7281265
7222434
8454233
3042196
3232701
8797345
2906849
5480146
9730757
5794513
4403675
6260327
3823210
3418400
3618098
5202043
2038667
6793999
6156283
4207517
3500416
9481273
7479346
9085792
4470294
3776443
4241871
7614544
3590919
5879588
9753162
7237638
4332996
2096054
1737100
8125591
8159436
4970233
1959560
2685963
5321783
9061329
9756190
9101241
9898397
4424556
6480241
2674533
7125828
8167572
4070033
8726385
9344037
3751258
8096940
6545276
5261651
8617697
8770040
3136341
2014969
7693017
2037350
3466349
7470076
2057139
6074003
8447907
1581950
5100583
2742759
1514317
6719675
2480898
3489903
1202280
7059461
7380539
1562982
9846629
1504960
3957955
8659469
5560284
3534680
5226832
7169287
5627268
8865525
8265585
7686482
8813104
7648541
3800223
1422235
7714306
4231694
1986220
6674307
5156408
9166243
5127767
9659040
8069827
4066231
4281093
4676072
8615554
7688250
6789445
1786495
4640291
8503957
1429177
8467473
1584111
1146883
4805438
4100909
2798054
9087575
4031486
2123653
5437633
6927740
5895358
4843681
5036269
8295124
1181328
5322089
8755612
7186196
4864965
2750710
2607770
1791733
4948046
9716256
2994311
8309840
7509362
3568530
8620704
5707078
6454673
2417479
7117492
1803479
7299094
9217926
8691427
5646974
8426765
7526355
4818663
8779407
3920202
7906667
7977465
1497168
3965477
8048252
8778332
3113138
4815527
7983125
6184610
5422352
3492976
9420036
7857939
7354045
5465880
3376304
7246066
9114166
2216563
4690881
5658613
6501593
1568223
7367364
2968280
4845749
3863918
8947927
3386140
8280692
5338927
1741597
9342316
4854600
9395174
3127028
2375847
8304768
4475876
4868729
8112334
9007130
4437761
5500115
5936383
4077270
8374676
3568596
8471986
9125965
7329685
1891417
8601125
7468444
8705438
7775253
7146465
2862350
5251042
2897659
3554223
5601396
6799598
5415837
1320702
7995253
9310721
8067249
8376873
3160718
9295955
6249377
3574079
5909024
9850280
1813745
3738447
6582665
7556713
9823584
6917740
2816345
6865443
9999119
5907179
2866119
5101046
1749608
1422632
1142985
2621382
6104233
6965491
6305149
7365684
3890946
3141498
7834772
4861614
2618256
2927299
2991768
3528828
5333805
6734456
7199116
2906929
1946101
7092205
6350120
2178437
7328437
7858440
9931534
6858610
9882422
3662991
5271579
5614213
9230640
8094142
2476060
3359802
5752079
5085347
2813946
5366901
1198287
5455525
6494720
5776307
6591274
8536000
4157732
4802985
3688132
3515059
3486573
2491095
3055711
1357184
7659680
9301602
2018951
1285367
8430261
5841617
1974081
7277928
1494501
9708915
9074914
1572147
9443046
9560938
8116105
3202226
8762219
4933993
3711190
5104117
3040352
4476650
3794103
4138738
2963460
4159412
3074430
8780553
3984088
9244652
9283499
6625621
9295403
3527725
9097358
9720741
9630044
5424859
2225938
7738085
4248848
9546974
6203921
2320309
8020419
8072050
1529948
5758357
8592032
5806730
2883369
7684609
1989552
2704082
5207567
9919147
6141619
4735355
6736452
4057604
8947659
1450986
1774788
1931107
5352099
3606976
2401408
2614713
9093815
1298411
4620174
2611906
9561170
6782052
6631032
5359315
4118601
1608336
3791512
8568322
8722315
8710540
4894129
6216148
8411955
2342400
4105354
8679372
6067349
9434486
5730862
9693184
4309201
7529694
9341505
3848723
8524589
8499234
8058677
6264866
3950887
9774363
9797460
8257548
3842447
3557050
7746829
8105229
7315419
9283254
2606882
9730285
7413344
1250617
8034069
3439784
9995840
9554005
7923664
3583720
5754730
2503598
5557109
2609286
5008915
1614799
9553661
9817547
5043059
8719331
9639403
2472737
7587312
4077337
8772411
2333254
5511785
7233153
7254928
3025560
2604169
5751091
5547596
1790748
4885806
8545364
3333960
5132496
2483996
2153226
6771495
4189194
8602545
6040994
6835183
7432267
9062965
7399325
6096722
6535845
3862907
7124506
4724533
4248901
8156338
6928467
2301481
9301866
9757295
3337430
3782048
2388531
6522714
3985730
9834729
5750454
4081567
2698978
2666068
2081283
7804488
3690713
5828573
4634072
8671173
7087663
7278903
5945467
7744247
7210822
5135188
6950092
3997430
3753867
2038726
9786576
6968465
9292682
5090431
6268723
1974012
9814853
5815759
4088356
1982567
6101553
4903891
9455144
9869601
8162640
8566741
8557052
8142893
7744431
1784435
3589074
9120532
3238388
4928043
1296960
4019002
3134790
6690357
5768432
5134777
4944452
7688389
2877160
4010524
1767891
2754392
6047758
6213316
1706652
4093054
5151968
3271689
1335200
2712318
4548970
8935289
6982723
5446474
3598425
4519962
4424476
4532074
6798881
3697509
5927456
8272634
6959905
2778713
1155336
8987530
5884694
9834474
7396801
4516125
2840361
9707207
4531897
9840194
2774867
3081239
5573498
5776296
4408628
3830084
4268345
8258466
6888430
6790920
2371686
3354820
8443048
4123043
9816176
9658761
2084591
9240083
4379065
2690279
4588629
3555648
2953731
9351384
6012437
4311736
4808829
9042056
6289870
2182485
1350699
3363877
5269465
6325556
8659735
1613582
8067276
3673844
6951729
2872816
7963469
9808153
6244897
4846768
5996980
3859394
8949728
9232052
7861380
9185947
2506130
6986016
9711056
2115472
3642609
8909757
4010467
8679894
1785967
3734522
9061390
7691599
3949745
7881292
1708178
6707994
9596736
2490227
3959102
5558734
2580999
5108114
7297540
7471720
4429726
8708372
6243376
3337604
7590989
9433178
4815506
5085256
2094391
9536336
2568121
3039772
5062406
3736707
6363492
5314229
2291056
8246662
5856778
3450718
4253850
1441693
2015919
5211495
5644861
9566273
4126225
4304053
5888487
5767859
2607651
6897005
2920995
4145572
5902945
3781944
9631619
6089721
5835416
3422796
3294111
8932256
2639729
8879141
1318650
6445909
2778006
6393203
1492883
5866259
1417291
8856031
4661539
8599220
6331426
3711436
3186334
1900058
6271896
8830749
4130800
7083175
8156299
8051061
5419500
4290983
3194229
9029563
6420107
3035320
7409287
4475572
8197777
7985508
7962195
1332660
8496240
5039406
5791088
9783582
3526043
6444555
5161281
1430265
7661696
8151404
8204466
9964509
1132839
4746600
4627113
1412135
1138328
6000014
5245493
2465106
7516249
8413869
6172205
9269616
5115569
3769197
8519195
9450455
7465580
5515015
7950152
8061064
6292162
5270531
3214945
7404117
3435604
8186871
2469849
2372588
3552297
4262455
7779969
2215075
5834340
7571899
8539547
1971521
4735689
3041581
1439771
7856834
3813772
6386137
9086958
1469321
9878510
8423682
5359357
1245715
8450118
6385748
9318480
7671863
3089782
7172089
6346295
1412994
5147317
9321857
4085378
4444398
1149388
3775432
6513588
3261475
2417447
3944552
6659856
2462937
1890057
8547398
8567945
6346801
1719778
9297073
3560465
8628381
2676087
1233612
2002776
9055580
4802240
7432263
5366524
6685685
3033242
8424905
1254666
7125259
1811287
4763729
7790934
4197516
3651567
6624425
7300409
8570889
8489053
6526143
7613715
5365179
3845494
1768345
5500043
1897445
1152621
6662667
2036382
4693811
4772610
4204642
7779738
2918760
9235208
1813362
5134607
5867060
5505406
2689904
1580544
4557921
6608370
5169683
4115975
8250890
9276739
5068817
1535093
9470467
8195275
8733799
2990129
3965442
4979108
6720037
9878853
3833312
8368215
4181604
3851621
9065602
1932955
1417678
9808630
2569560
2994369
9406471
3743188
8496705
6728866
2972937
9619159
7118136
3585672
7328882
6818570
2392374
7328323
4299719
5759140
3277026
5703727
1740565
6570686
3214326
7638243
3586466
3201732
4049954
3726315
5859088
8768870
7392786
1765744
5254243
4549947
7873921
7866274
3794100
8652745
8889123
1623735
7400251
1327581
4631379
6029500
9368200
6505777
2537438
4255842
2007843
1208805
2346912
9767846
9162219
3324769
6591633
8258620
5476798
3611574
4999585
6410059
1882697
1319086
6372920
6706692
8112683
3564304
4661827
7704277
2016645
5202738
2575414
8122423
5728475
8577146
6672263
7778625
2569831
5252204
3892082
5830637
1312875
6135138
2678044
1430811
8997322
6457812
7897336
4543759
2185644
9445510
6491194
4644446
6656305
4791276
1253174
9485451
5108271
8564854
7323520
5163556
8580946
2734008
1837899
5153070
6948839
7740446
7730195
6533883
9004967
8556884
5572965
3984689
5273031
8833689
9420261
1680475
1269930
3034674
1813041
4976896
2832825
7126313
3118169
1833242
1558308
1654664
6862850
4437140
7835118
1673879
6062106
6162943
9009612
1290638
6489697
4208338
5848984
6215776
4041753
6965835
8399648
6049317
1475441
8522073
1155686
5375569
1631508
1661269
3772002
9748586
9494157
1766509
6395394
5690378
1208499
3882773
7598711
7297618
6704220
5385220
7668515
7095233
9602591
2919113
4979798
9104369
8756971
1204457
9269972
5802294
5421143
6325348
3469139
7167023
9065735
1293601
6973343
2062847
7467422
9559702
2282766
8521705
4551164
8274521
1251273
6649145
6213492
8812843
4300807
6997369
6807980
8061123
9782214
3945193
4327484
1171229
1434078
4344787
9533113
8665633
3696336
